x_1 x_2 y
-0.5189919548963513 -0.394769130382633 -1
0.2856806442207009 -0.7452754091362753 -1
-0.20540065669153992 -0.52169422813533 -1
1.41995066221039 -0.09310070177258682 1
-0.5535222432632947 0.9264578248296867 -1
0.30020591469510416 0.4470849450501937 -1
1.4183972510954033 0.35547315689447434 1
-0.7406936488414808 -0.5612279555556833 -1
0.5457019901655985 -1.4355269685190732 1
0.05664649417338234 -1.1482620533488765 -1
-1.0287061361919616 0.7155822718069585 1
-1.013242497109605 -1.1381858182676152 1
0.03938737600462317 0.8651440626654867 -1
-1.5863970281957707 0.6164928612253292 1
0.393565849934794 0.026960506641244806 -1
-0.18237888649187775 -0.4592204151843403 -1
1.1102895196679494 1.3689652261896457 1
1.5860031486520414 0.8452386989366084 1
0.9501539660561835 -0.16623393331171268 1
0.28425324429732285 0.6736091024130092 -1
-0.9925696514728268 0.5067275114429739 1
-0.411428058465131 -0.2699669975950008 -1
0.595078900427991 1.69571038423736 1
1.0534020615186446 -1.3079705565692354 1
0.0059478932857427854 -0.35539580065938237 -1
1.0180619095584995 -0.4238586405934325 1
-0.2886761695545919 0.30658708811678037 -1
0.761079919575398 0.06332840476758567 -1
-0.34185189814820505 -0.04994315913640749 -1
-0.42021588762059436 -0.11009321450363026 -1
-0.2434094266136517 0.6315978503292035 -1
0.7195952331130333 -1.052768305002214 1
0.6182840917001295 0.04353746482605733 -1
-0.5795538977232844 -1.9867549478958566 1
-0.14715671928148513 -1.0372766494539198 -1
1.0752760432610562 -0.31780595045158055 1
-0.3669184944390323 -0.18724345717331564 -1
-0.7065187213179118 1.816626245882874 1
0.059719354872446596 -0.04493571051374006 -1
0.6484383444585924 -0.24206376847320454 -1
0.5254659524732166 0.3382139825250452 -1
-0.13065479431531737 0.6097699428629854 -1
0.005955048391022748 -0.004419609141474273 -1
0.3861393500396059 0.6351925452356839 -1
1.1394206775249085 1.038553021080761 1
-0.21741379402785052 0.5612099560008593 -1
-0.29251252684002316 0.162837188977285 -1
1.487174826751723 0.9842975129730498 1
0.6695885718252522 0.37392245887746384 -1
-1.3724860855376753 1.267094760464279 1
1.58506657478046 1.5146648444651711 1
-0.7684255392228515 0.6620249625467741 1
-0.01947646500922165 0.43372116030551 -1
-0.4476024967640488 0.8957715714726038 -1
0.10073176715985248 0.41293217894270245 -1
0.6194921491222531 1.2968429413217155 1
-1.9247533489514486 -0.5981342221329519 1
-1.5322986345418224 -0.65280144258925 1
-0.5840462959553796 1.0004570628700882 1
-0.3605569935891097 -0.8130732557292809 -1
0.21289523153517942 0.3322882945328077 -1
0.2872502204960304 -1.1700951925736958 1
-0.4662402349712252 0.9259823035207443 -1
-0.007547801579684365 0.30570987300337477 -1
0.05462085801597869 -1.8429705886504613 1
2.0434817712479068 0.7968663950940668 1
-0.8286423737415947 0.8890203430851428 1
0.7220206844145268 1.1572616067522012 1
0.3262782176462698 -0.15807584476433154 -1
-0.6654859837416228 2.1153164704556233 1
0.551307134385864 -0.5882173346507776 -1
-0.7245436026595593 1.4410044945526332 1
-0.8171764130948164 0.20738772409331444 -1
1.6369376895889247 0.5213323749640543 1
1.1870680124789732 -1.154345078376575 1
0.9240124850242126 0.36244829906976095 1
0.9405603973655694 -1.9336178639176091 1
-0.5080121397264918 -1.5533094775074312 1
2.2426251775935864 -0.27603922845367823 1
-0.008292960409874556 0.26009876069466564 -1
-0.8571318746795786 -1.7638322725811721 1
-0.16532972850437305 -1.0289041647639383 -1
-0.4598269289762854 0.47444786003943845 -1
-2.37542197707633 0.07743164517656684 1
-0.6813194455256132 0.16788268063923478 -1
0.11777000035098296 -0.08039465981009442 -1
-0.04090031840246174 1.1686184313820251 -1
1.0040231980377488 0.15771369005127628 1
0.7271689251634601 -1.3800089999291907 1
0.1117463943499786 -0.9321495136137662 -1
1.1272883895478125 1.2270875635247327 1
-0.09545953804978588 -0.23300399823716988 -1
-1.3831374705421031 -0.6939103083875662 1
0.3972514874004927 0.5067948529299972 -1
-0.6496107220865143 -0.802576067006223 -1
0.12317343951731329 -0.846490435662082 -1
-0.8169811345730394 -1.3505864159631673 1
-1.6175266645616875 -0.5107942111415292 1
-0.8719892265060591 -0.5558479647396487 1
2.3048080463530503 -0.6944782093689901 1
0.9610220949886211 -0.18867715220718137 1
0.7249661692982798 0.6762241873590321 1
-1.4077665370286678 0.257477664834853 1
0.4786545676493771 1.0051342995100385 -1
-0.9529519388991218 -0.3472664306550597 1
1.0397828444137527 0.18403465362037857 1
1.4210163782458405 -0.6929295461555883 1
-0.4696730739871372 -0.16674388348643038 -1
0.7249794973782357 -0.10216553417716856 -1
-0.7675548032067124 0.38487208818161267 -1
1.2263829980685599 0.567385399402259 1
1.3323654060590493 1.1881113029439858 1
-0.3013505825691799 0.9965851509423029 -1
-0.17010136179042507 -1.6433082001367956 1
1.3825488772633479 0.4893392259781271 1
1.1400893434910833 -0.6371473856372423 1
-0.05345773843279068 -2.5461424128182393 1
0.048372781255398914 -1.1251077865315118 -1
-0.7731513026674074 0.5973289333132812 1
-0.18035311125421882 0.867031860544397 -1
-0.13277877582034317 -1.039193115388561 -1
-1.202854473169144 -0.9502188086399425 1
-0.3644728141455756 0.8778591048129639 -1
0.16460054920063452 0.12793090347258118 -1
0.9856125446531374 0.5214847612955734 1
-0.4011901697072315 -0.4949684785590178 -1
-0.07550873872234558 -1.3250654632188195 1
0.09457152561806288 1.2931501045868166 1
1.214027847753891 -0.06240891313348668 1
0.5285698868326373 -0.09284940189701252 -1
0.9595233048677748 -0.6971682946832395 1
-0.6567652863968247 0.3034243317207636 -1
1.1009359347241123 -0.004432375289990035 1
-0.4619721551503509 -0.03674880308489553 -1
2.757347873249379 -0.39008263139085175 1
0.4437883500265798 0.7189876861125664 -1
-0.7504648819795386 -0.17290691904156025 -1
0.798612999537162 0.19010420357914343 -1
-1.0304049499196766 0.6460954015412302 1
0.3527245278352081 0.2800218588465477 -1
-0.09963180046623779 0.09230810433857785 -1
-1.289384515124351 -0.21072691011608854 1
-1.0913938701587258 1.8955230493657729 1
0.8125931006520998 -1.0421769072561873 1
0.2785994304718025 1.6841436327300898 1
0.15727370346209296 0.11016309844767318 -1
0.03871050781041618 -0.2718609851613789 -1
-1.0546133533325375 -1.3587894682365909 1
1.0153592790281964 -0.4252045319425951 1
0.840552208427199 -1.1279046574415401 1
